%YAML:1.0
---
frameCount: 11
T1_0: !!opencv-matrix
   rows: 4
   cols: 4
   dt: d
   data: [ -2.1978548533809850e-01, -9.7477768021674194e-01,
       -3.8766152581386340e-02, 1.5385003950973714e-02,
       -9.7382843357312920e-01, 2.1686620436454696e-01,
       6.8023755916735651e-02, -2.4674533844993896e-01,
       -5.7900970624003317e-02, 5.2702215852668474e-02,
       -9.9693026538721208e-01, 4.2801825266069826e-01, 0., 0., 0., 1. ]
T2_0: !!opencv-matrix
   rows: 4
   cols: 4
   dt: d
   data: [ 9.9366762041888790e-01, -1.1037736785978140e-01,
       2.1011825132800432e-02, 2.7837094498862309e-02,
       1.1112494900676863e-01, 9.9305830118788230e-01,
       -3.8554586628314937e-02, 5.4977311926807333e-02,
       -1.6610413580280304e-02, 4.0645382347613175e-02,
       9.9903555845350589e-01, -3.7871789275240580e-01, 0., 0., 0., 1. ]
T1_1: !!opencv-matrix
   rows: 4
   cols: 4
   dt: d
   data: [ -2.2148850432058764e-01, -9.7243951256903782e-01,
       -7.2830191873434938e-02, 2.9742121427306426e-02,
       -9.7181655582801663e-01, 2.2629396442236482e-01,
       -6.6057728424321865e-02, -1.7635349763133176e-01,
       8.0718178079046479e-02, 5.6146558759216494e-02,
       -9.9515432957260308e-01, 4.2801681568793482e-01, 0., 0., 0., 1. ]
T2_1: !!opencv-matrix
   rows: 4
   cols: 4
   dt: d
   data: [ 9.9393988663264521e-01, -1.0992392929116873e-01,
       4.8117551324340646e-04, 3.3089883895472877e-02,
       1.0935432443486953e-01, 9.8921598198829397e-01,
       9.7433940217609025e-02, -1.2839002901059962e-03,
       -1.1186308062882195e-02, -9.6790860870876919e-02,
       9.9524187801950781e-01, -3.7961413953512629e-01, 0., 0., 0., 1. ]
T1_2: !!opencv-matrix
   rows: 4
   cols: 4
   dt: d
   data: [ -2.2957659656824925e-01, -9.7215452514315270e-01,
       4.7012397852381267e-02, -1.4053908012885519e-02,
       -9.7181429661478180e-01, 2.2630138946594591e-01,
       -6.6065528234468623e-02, -1.7148177086757962e-01,
       5.3586931272991668e-02, -6.0854419473639065e-02,
       -9.9670716884512778e-01, 4.2800173633881650e-01, 0., 0., 0., 1. ]
T2_2: !!opencv-matrix
   rows: 4
   cols: 4
   dt: d
   data: [ 9.8633893119865479e-01, -1.1796062091425850e-01,
       1.1498175818545281e-01, 2.1959301912061130e-03,
       1.0880417858919227e-01, 9.9059906461504732e-01,
       8.2916487536102174e-02, -3.3233626609105709e-03,
       -1.2368170246009108e-01, -6.9273263942996322e-02,
       9.8990103110323990e-01, -3.7487654661643710e-01, 0., 0., 0., 1. ]
T1_3: !!opencv-matrix
   rows: 4
   cols: 4
   dt: d
   data: [ -2.3154647616013402e-01, -9.5112013603634959e-01,
       2.0434460160234258e-01, -7.8848873187821383e-02,
       -9.7202044243277752e-01, 2.3472871160886033e-01,
       -8.8708195354962049e-03, -2.1985066627978897e-01,
       -3.9528329974988730e-02, -2.0068113706235535e-01,
       -9.7885882146341641e-01, 4.2800206589700718e-01, 0., 0., 0., 1. ]
T2_3: !!opencv-matrix
   rows: 4
   cols: 4
   dt: d
   data: [ 9.5708722506934207e-01, -1.2305242911196189e-01,
       2.6237786358363391e-01, -3.9819890313613125e-02,
       1.2544771261530069e-01, 9.9207058771935397e-01,
       7.6694446842399556e-03, 4.3097819801393725e-02,
       -2.6124110512829968e-01, 2.5574375296794259e-02,
       9.6493473163707988e-01, -3.7092905802458759e-01, 0., 0., 0., 1. ]
T1_4: !!opencv-matrix
   rows: 4
   cols: 4
   dt: d
   data: [ -2.3157270769481231e-01, -9.5114002782063090e-01,
       2.0422225277442785e-01, -6.9292470128476974e-02,
       -9.5228703806731929e-01, 2.6453528513527347e-01,
       1.5221852728026045e-01, -2.9298326293749988e-01,
       -1.9880512614081358e-01, -1.5922854767838870e-01,
       -9.6701747214017086e-01, 4.2807212878474166e-01, 0., 0., 0., 1. ]
T2_4: !!opencv-matrix
   rows: 4
   cols: 4
   dt: d
   data: [ 9.6045494940911846e-01, -1.2756861891168314e-01,
       2.4749250013786983e-01, -2.4744796828503189e-02,
       1.6746951966949264e-01, 9.7478725815967537e-01,
       -1.4745765938469160e-01, 9.5837968985403602e-02,
       -2.2244156566882273e-01, 1.8307388890420193e-01,
       9.5760310205444443e-01, -3.7322184747983811e-01, 0., 0., 0., 1. ]
T1_5: !!opencv-matrix
   rows: 4
   cols: 4
   dt: d
   data: [ -3.1320800711903207e-01, -9.4586120755614100e-01,
       -8.5131194734733961e-02, 6.4580266096575800e-02,
       -9.4096848138795930e-01, 2.9696702428302058e-01,
       1.6244661745609237e-01, -2.9348054739224838e-01,
       -1.2837079617639774e-01, 1.3098535234493572e-01,
       -9.8303803393363720e-01, 4.2802383834194169e-01, 0., 0., 0., 1. ]
T2_5: !!opencv-matrix
   rows: 4
   cols: 4
   dt: d
   data: [ 9.7787742095296326e-01, -2.0632927863260461e-01,
       -3.4408986752448953e-02, 7.5980832153568878e-02,
       2.0091340976563279e-01, 9.7222717085738997e-01,
       -1.2003387031576741e-01, 8.3228555489194792e-02,
       5.8219853716134709e-02, 1.1046518467637011e-01,
       9.9217331732298031e-01, -3.8270055448338619e-01, 0., 0., 0., 1. ]
T1_6: !!opencv-matrix
   rows: 4
   cols: 4
   dt: d
   data: [ -2.8216943118734461e-01, -9.1393832272856423e-01,
       -2.9171416549682555e-01, 1.6061377436235200e-01,
       -9.5881138589933435e-01, 2.7897827068624104e-01,
       5.3402722353008178e-02, -2.3713591250031701e-01,
       3.2575118928536761e-02, 2.9476747909668305e-01,
       -9.5501360979505323e-01, 4.2442632235894240e-01, 0., 0., 0., 1. ]
T2_6: !!opencv-matrix
   rows: 4
   cols: 4
   dt: d
   data: [ 9.5943169729416178e-01, -1.7122395632944123e-01,
       -2.2399369412136930e-01, 1.4545592747840597e-01,
       1.7781907646288550e-01, 9.8401777452529871e-01,
       9.4549174594411069e-03, 3.2268301223163459e-02,
       2.1879486802283646e-01, -4.8901699328059767e-02,
       9.7454472936325376e-01, -3.8877438370161066e-01, 0., 0., 0., 1. ]
T1_7: !!opencv-matrix
   rows: 4
   cols: 4
   dt: d
   data: [ -2.8222897877998676e-01, -9.1389076305371619e-01,
       -2.9180554611230730e-01, 1.3191002963442169e-01,
       -9.4601223906798804e-01, 3.1565789684273848e-01,
       -7.3627003839557420e-02, -1.5984825281218537e-01,
       1.5939776369314979e-01, 2.5527194394589248e-01,
       -9.5363965288976316e-01, 4.2441971175769749e-01, 0., 0., 0., 1. ]
T2_7: !!opencv-matrix
   rows: 4
   cols: 4
   dt: d
   data: [ 9.6214573705971140e-01, -1.7263465142945764e-01,
       -2.1088588806189551e-01, 1.1078362173794910e-01,
       2.0392372355601554e-01, 9.6937694491626780e-01,
       1.3683367142575970e-01, -2.8263955912047965e-02,
       1.8080568472499531e-01, -1.7465856918752276e-01,
       9.6788619608944360e-01, -3.8820263984058623e-01, 0., 0., 0., 1. ]
T1_8: !!opencv-matrix
   rows: 4
   cols: 4
   dt: d
   data: [ -2.9937743853438126e-01, -9.3280282064990239e-01,
       -2.0062912820470177e-01, 1.0513244456194598e-01,
       -9.3930136862595415e-01, 3.2506742582889814e-01,
       -1.0974564940070611e-01, -1.5977452480099638e-01,
       1.6758904556683238e-01, 1.5559584330103279e-01,
       -9.7350081939022459e-01, 4.2438822441505897e-01, 0., 0., 0., 1. ]
T2_8: !!opencv-matrix
   rows: 4
   cols: 4
   dt: d
   data: [ 9.7471611190162244e-01, -1.9044063823052917e-01,
       -1.1687970101661120e-01, 9.4035310412976608e-02,
       2.0803101406058014e-01, 9.6434438389798327e-01,
       1.6359402933281403e-01, -2.3606844666518998e-02,
       8.1557331910199385e-02, -1.8377233892718353e-01,
       9.7957956749664898e-01, -3.8182056692064525e-01, 0., 0., 0., 1. ]
T1_9: !!opencv-matrix
   rows: 4
   cols: 4
   dt: d
   data: [ -1.5092380789381399e-01, -9.7177790374442230e-01,
       -1.8130005517077866e-01, 9.6018045054978962e-02,
       -9.7424634761067574e-01, 1.7729885675395540e-01,
       -1.3931679568881369e-01, -1.4778413587636904e-01,
       1.6752927618207344e-01, 1.5560469526282492e-01,
       -9.7350969200828918e-01, 4.2439002249389302e-01, 0., 0., 0., 1. ]
